Id,SalePrice
2658,176816.85839539542
2718,201177.56415989605
2414,209835.2751729431
1989,105307.73991775443
625,190907.12942494868
333,76757.46362716019
1327,95717.05834576068
858,153715.89620922605
95,203903.87600058067
1568,189837.9937206273
2482,167523.1598352277
1364,128386.11669320334
2584,175883.2490061584
818,311750.46826537617
2673,163587.60574696297
2089,97909.19884216852
1297,177548.43045665813
790,124232.7938663956
2616,214246.13059674308
720,221429.05805723972
222,143507.6657220699
557,126657.72174562776
1148,215245.6996522828
2766,178204.6599981706
534,205137.30521322595
1452,114545.72058450496
630,113896.64434728707
2648,100174.51541215986
125,154553.6551138091
1904,16154.470447047119
1670,105036.6541935532
756,84789.536731838
717,245072.00189764216
1032,157001.64260488137
852,231429.840845823
1731,190221.6373437918
2639,107564.453217058
2071,69915.4682520217
1267,90031.07793743636
1851,209269.9464064739
567,153496.7900529685
2439,217391.60267539497
1898,147133.88869379676
647,161775.40382344197
2256,226048.05272619336
979,81355.54163764635
1444,232500.9438343008
2485,106591.91912464325
157,119651.80383286723
88,123349.87216306676
2003,101116.27352762115
186,217490.21959015788
1425,265758.3798731118
2695,116634.47960759455
738,79855.74599309398
395,160426.80332825036
1353,183469.91295923875
1878,145684.30891527882
390,195095.81902589079
1456,243485.0992094438
1103,320010.2164533603
1387,119950.80803289542
2070,155863.42187361507
1199,197638.2761279591
2479,171891.78243564145
501,308497.57329326484
2362,68542.83868572602
1718,186325.46802927583
2188,22523.470904171118
1483,147527.5916427018
2557,55133.595802097436
437,320567.848405016
2224,226138.05288983558
1628,179455.39730871035
397,137550.4396571647
587,222524.6368227491
2182,569035.42495987
971,134081.1287310815
2611,148070.0821782388
1887,81256.20035158949
2399,318543.69336480205
2148,221644.12866641243
304,117501.73685043928
1997,116544.97330538864
2817,105545.10881606508
1431,191022.12327974048
427,331720.10324862984
263,121419.3385140008
598,190978.98923541783
2895,271320.93373193947
687,162429.38663550274
1822,123771.87776568122
2191,95050.80914096968
179,129688.90156006074
1009,209414.25321672446
2010,112268.34574226032
1991,150455.01484423294
1411,169551.1283726745
1721,241641.04883925605
1144,193417.59282008864
593,233975.66905957035
575,291882.73019824905
1249,204247.88600082035
1604,109535.66920933564
1064,397312.629290142
1923,177203.21823369074
1988,89915.7774465987
2325,171769.1376422366
114,232816.48979340526
2700,230156.86158168435
217,156773.3565917532
343,197364.40555486298
386,246530.45099270344
2005,101929.9680954757
2908,145364.3365441331
1814,240108.17760769682
2446,461339.84794710134
208,146064.54257446845
1679,111549.61191852481
822,298102.7684492508
6,197089.3550822741
1781,357094.4666225871
2397,266764.4563031722
2340,281600.5625505004
1618,183140.84651166303
2843,123276.62256978366
1061,330272.7997564055
2786,124901.29284530615
1935,121615.75891729014
1341,107451.801349631
521,293658.4082819252
2136,129893.74686143723
996,200376.15966875918
227,150444.02655370336
135,174858.5694114266
1167,162972.27275031313
294,239199.18754100776
1776,223003.27611604266
540,192529.82349111245
1717,186322.39526902334
2303,126052.83197140403
116,199939.47408236933
127,124353.50940128937
1371,129359.0799458909
1014,205827.77560979477
1507,78369.16933181927
702,150658.3862032704
750,164417.61715692523
261,160597.85726949575
1559,60935.917362149936
577,243526.64403905912
2812,217875.70238050437
2080,168942.63584908438
1368,111384.10483768838
2376,112068.02579130289
659,91849.8930654957
1235,128637.47868395399
332,54695.5572770117
1917,143206.51016214915
2094,264170.86190200027
1460,280207.0904311077
1471,213093.1778072161
1509,114673.74937752887
1922,126941.01507943153
433,415519.81575779256
460,254433.09617576198
1116,262786.3612851561
1137,177365.3220797179
53,175143.30120761326
2354,253750.6167897838
1475,215645.62333949734
1761,501247.1989552027
842,133738.0990410578
2739,192874.8007284431
2509,163768.7246000878
1007,213226.37578493851
2610,187954.5484975067
1952,68440.56925534972
2719,198742.07527251344
2921,68552.90707421985
1966,137634.3575325034
292,108546.37087711395
1204,208711.70515363087
1829,267400.1352025814
2419,190609.29661336247
391,172557.45294238735
798,116526.25158977372
481,198838.38520219715
193,203251.36933996103
555,120468.81146190339
899,36736.10723037785
2357,201704.6585598146
328,114117.75647742733
1356,115093.48239647846
1154,96080.99237042064
1730,177174.19419605707
2249,149995.46237296978
1119,263968.3362938235
2856,143493.44254876993
1394,141069.88326238998
2587,112751.40614058379
61,322856.389463744
2661,195845.56024604957
2711,146868.63087820692
1147,185767.8117869584
757,121483.68657376821
2623,59583.651205766204
2378,154731.2615446127
1413,144008.18502239705
1722,225333.60969651368
1112,221852.12260135566
1623,197970.03603539005
1201,199194.0875510343
1513,93848.09620183146
957,599510.0941658824
1171,258823.7096467844
1145,206202.53321223316
2726,268913.00786700763
703,167798.87259864638
760,65326.95221928788
1964,126443.32272605633
2512,181242.71578755984
159,156781.88924901513
1281,175282.28934593895
468,192826.82853413874
290,130747.73824069453
665,103917.65280766781
1463,279045.4307757995
1792,229920.35829769948
923,140743.25310679863
500,273437.855273786
1408,185638.98623299156
331,52231.633119590406
170,100731.14023471926
2192,79702.06805037952
2571,334399.84632526035
2314,180012.03199104825
2647,85609.4216564257
422,375354.8022565692
2457,330404.4514902028
1838,203572.1979595102
2805,273666.5228330309
1645,183655.8364006666
1711,283903.72873046214
2825,255736.64422661427
322,317458.4922888001
2103,270242.79958761175
342,133981.31183863623
600,106431.90013564118
488,198228.4766853024
1725,296841.4316713495
2246,255552.390681618
2847,155930.65070539762
806,253194.171703932
530,237841.32896714302
963,212720.5872848221
2678,56433.77945153801
171,60282.22966353007
2401,363820.22859155503
805,232131.1276612014
2259,239510.36327357948
1748,185862.93173320676
1361,151364.54880636086
1677,114781.30552478733
1406,159755.16885169334
2322,260227.63494335272
688,167011.71457568862
143,147176.0851429283
804,212053.25473532156
1214,173993.1047579961
2828,136478.21981703106
1999,196877.7224436713
2467,203156.25087956185
2665,175997.38829077364
1538,337537.3993359083
398,102466.21576501968
2822,144093.09315604463
2157,136509.93948924355
1856,198843.6442825602
1269,72690.97672489657
2570,114760.28027601182
2320,250042.78430969757
1517,155569.55700384505
2304,113438.22325279072
1312,78665.80727154769
2012,136227.7918844847
506,257002.03966175008
2865,222099.50658509062
2367,100850.56469682054
554,90426.00551984803
238,142979.67523332217
1954,116319.2731098028
2488,144032.23928414372
2291,59984.45707880457
1969,73232.22352645174
2725,173588.67621935316
1482,147527.5916427018
2763,207876.43189249
503,246705.73394413394
1584,245076.03323068196
1531,141682.54218293744
2210,182812.28751410823
459,300257.076534833
556,125097.80470103511
1347,149937.32466537977
1290,64303.32495452628
1388,90778.09073018127
1571,445804.17733732844
2754,210008.1403307163
765,145585.55564491492
2494,130854.92790183131
2870,222758.0537381876
7,220490.13291483998
1114,247813.48206866698
2418,280756.62625628343
291,133932.110646822
18,295421.3960334709
39,312067.8120070589
1001,251315.4360076607
2442,239106.937216243
616,112557.13146385687
2680,36136.57011705631
1414,118969.87505356742
289,139001.58519886856
40,264687.3434364073
860,113211.72820589329
409,142980.55928787412
673,157413.25176257372
2427,174311.068011171
2036,221944.68599395055
2564,143601.11845716447
642,187010.13428284618
1008,192812.48524845217
1908,157025.7898429745
2519,218862.75948855455
1369,89907.57651302195
2855,164968.44147253578
712,88601.36676111184
1943,98394.1976684174
1958,139808.55827258842
107,164817.29102039308
2295,231353.41044377783
704,95114.24609353734
676,133531.99659979326
259,184259.2056079757
93,290235.7235295171
106,247197.93692854358
2315,190814.0026398723
1050,104197.40076906072
1095,207712.0402254402
2709,144193.86834171106
758,149965.14966833912
1496,166188.7702826044
2370,127417.90532278901
2458,263138.4993414608
2733,122965.6043403828
161,269616.0444567207
726,145470.0755608738
845,222309.5817826475
947,264066.0743589514
2232,117494.25034514767
2563,173122.99337040534
2299,167490.527676074
211,84182.44617062672
605,199821.02612143348
1478,219739.56850983176
2247,253600.4506329703
2274,237891.54445600038
2869,202665.92714416367
967,221078.9960422513
2656,95574.32950878907
667,240449.76731247918
1042,109012.28994054471
2023,166611.73055464376
2447,340658.9477570141
2055,122794.40964039473
2275,290099.002535225
2204,164823.0366153878
1563,251154.415352527
483,208802.68615914613
796,123279.49757921562
1526,160991.44456590863
2042,167132.52970291823
442,316142.7066283197
1693,294552.9729488696
1468,223959.10170831726
1430,199413.49901138153
2605,162118.70610310065
1529,197736.79641600754
335,164776.36424518903
1287,127290.00411969455
31,87737.4043284695
1785,258760.89256261045
82,175072.06595474848
2620,132869.49089052813
252,212850.83335081517
721,27378.07369028835
2165,188948.5273036595
2316,183865.75919356468
775,121358.9461220846
1558,105128.80114526222
17,235445.96790254707
1022,254093.50835645123
925,106298.3355812599
438,281334.44676116575
1270,143443.58068207212
1272,116219.94213128468
215,143697.12091834046
266,233586.2491610428
2402,264413.3229801649
1250,138508.20987699894
1984,101119.35225870476
1279,139991.9946426188
377,268170.87784074526
1252,112873.521056048
2156,268241.4409907322
499,305819.9573169515
1374,144576.10403834283
2898,262733.87430478743
401,106778.44847867124
2721,175825.99443170615
2078,258284.3890994849
2589,134879.9586580288
1946,251245.085972876
1334,118911.24393135984
2781,254439.27480208315
431,350788.8817167907
576,211651.9052999647
1474,210619.4093895024
2254,158054.92002209768
2155,291086.8068480267
885,73445.05098773299
643,144055.2478225579
1944,122543.00058142723
480,205696.86927552876
2845,89284.61124560444
2387,302582.4845236951
2407,205731.13070464652
2527,184025.6614405412
2514,163613.17737662312
629,197622.16200168867
80,219933.84951678797
1876,146636.37619443642
1546,126357.97219437307
2518,184243.58275238366
2347,172188.0144331275
783,221683.4169177949
1322,19756.8621188424
194,65637.7533333667
1770,285831.1467809448
2143,116657.13319997149
1229,217714.67791224006
511,281429.93085647863
46,211647.59881476426
1348,184623.13370070345
2465,201178.70349662338
387,241877.34067821957
873,218475.17963500344
1918,116481.76036041518
2764,245851.56856414847
2184,125207.86372583132
934,141331.43022221385
1920,124075.276940465
2631,148666.76864891296
1768,498599.6985581531
2040,103267.93048512712
1749,224059.07599443157
834,249369.1539676796
1457,251217.82878014215
79,119394.5334487614
2302,115389.23550740616
1817,133677.8165849386
2755,246505.0612381433
359,177470.27011051093
2059,107103.88392149392
2092,254834.76255872258
2516,246458.85115059052
150,125538.99316033798
1656,152800.09789299816
83,97195.30594944816
2411,189002.1151033414
795,42906.926917778444
2312,249809.8275546736
2917,75585.19551467514
1624,187634.36581600225
2215,289122.21050150687
1211,165792.3849326845
1485,145578.24361915514
1024,184097.37962904986
570,185743.87959745587
2874,140078.2700050645
700,140851.04336033197
2756,228822.73484273633
2022,197129.16227628262
583,246500.63071364036
2392,313376.33214768476
2424,203590.73278085206
212,108263.84753193073
736,128611.15952186592
1610,174028.87600920454
890,121329.82188680134
467,191886.62834871418
578,251646.11671879614
1747,192469.13682560128
1149,170316.88723306655
2758,248643.9397576116
857,125606.36313818584
2219,270822.5827857269
733,118894.72596975867
2909,109868.1803462534
1798,271366.90074478113
235,127234.19570016599
2366,125188.58824452048
1027,134329.97396902536
1195,131677.2894397959
1303,1605.2726162614126
148,193260.85417086005
608,172929.6226369851
2515,205439.3149949883
821,270643.93887465046
2500,290406.293476708
745,94271.719275905
741,138068.20918407408
1611,171129.5638715801
2532,121686.49295424577
1081,221739.28294435426
1692,371491.39066184405
2520,185482.07033552605
276,102955.92603245474
1992,124027.4433721681
663,2447.884282191866
418,134504.10849970154
1733,193725.21513945865
2359,162812.57642809997
253,199187.76474030354
1518,172699.4574652581
2035,150852.2686855595
2919,59579.162497810146
1540,250042.30890605153
2120,152355.9343364607
1674,181081.8779794686
256,158732.84591278463
2361,86609.27672098686
978,50885.136196441716
2280,151897.26373401858
2095,233140.4370562027
1709,301141.42017242906
2801,252567.32273057685
1246,106634.6058057321
2373,106737.47352667747
1055,273636.25381485774
2017,108792.23689721792
1099,264570.1429053876
1344,56556.46760090695
835,215984.54678727538
1117,224735.4461167848
2043,78240.29842089786
2085,121856.71632789978
410,155011.9841046357
2650,117220.57795673514
2867,172309.70516138745
1668,111965.6228253302
1161,173571.2970287641
2122,186436.7555696898
2539,153334.46402789705
1047,151057.1489049092
1445,124065.77521648884
541,134401.36179980607
569,223639.01258448014
1276,126225.51970998841
918,142672.60581152234
326,181871.16299978952
1936,123839.96904794594
895,79179.39191080422
257,142690.55404143746
1241,203180.0193121587
1545,121722.37007445996
1189,188519.31622721514
270,141699.62313015483
2066,194241.1307022067
693,98774.93825244276
1259,164394.61395228622
2916,152026.14404577244
2321,282173.11549888767
1977,99115.54413898673
1895,163111.49779237216
1240,172639.8636927847
85,155407.74444305812
1823,117152.47421668425
825,287863.4850132516
110,232144.73508205207
697,118234.2927786176
2297,95895.76912941798
1231,138308.9506104795
1355,122518.02811895529
968,313121.3815657236
584,243072.33344077156
1315,106356.28109055052
1606,142673.31500058324
206,116385.6620133206
1685,309446.67892489774
2016,126149.81648188218
869,226783.85691280253
2135,121749.45339279715
2346,199381.59505329872
2430,221144.582247489
2198,77526.81075439486
2652,125626.79268102911
27,102234.73119387377
241,181273.73284653708
906,110283.06598939482
1506,98213.88823354724
2098,331561.3935342794
1435,223816.32344711744
2213,108412.90152748187
1274,151836.8104863029
743,-9179.831714907894
1737,203702.8099102116
2797,273608.50564518175
2185,43474.48892407547
58,176178.09883496308
830,204267.80029229703
808,110985.50611463303
680,152173.5323064401
1153,110222.57052469143
1291,130413.09006293368
1818,151380.67434983887
2161,194065.013783569
1883,125877.60785714733
350,313249.9296215197
2473,154838.37406507684
295,187065.1600504078
293,191028.3453973313
859,128487.54539123637
288,31411.401041224017
1578,137496.47273440805
102,171611.72187922598
2831,169594.76958804135
1030,195615.1265790392
2551,151195.74122211838
1286,141165.90269870742
958,302440.94315340323
776,129706.39634892019
72,214571.77738399553
2263,263044.9147518638
1866,152192.99217457123
2876,50615.98634515576
2146,274743.59568307636
103,175399.0933677098
1500,136478.21981703106
492,214831.68731058438
167,139636.69527874893
2597,107677.50798593064
2685,104717.08071522527
1035,167371.2608046806
1220,25725.150310129713
2602,158571.75065156113
2159,217512.78537533875
695,154312.4142765315
1109,263372.47343785345
640,216841.57685564482
1652,169179.67507239673
2090,227639.1742365299
1188,212186.77396497747
2345,253131.22305653826
1059,363677.46725711063
2751,257403.14320970172
128,214593.6707028495
1523,199673.1557312232
2925,189722.18407558053
2145,298746.8274221489
1121,231113.9418683729
566,284136.911981035
565,238951.27692161454
1331,143438.76483923243
2928,111383.97093026285
156,142453.93306086666
797,134183.1163386074
327,76919.26496479812
2859,160524.2588090044
1453,109482.64888225403
1762,336767.2676135289
1868,221983.79552925917
1760,190794.4417571149
1113,265984.60455140076
1812,194167.4149224636
117,171609.7067548436
1142,211921.65648939722
2342,336305.2375937112
927,137436.14865050087
2478,201574.05722827156
655,53648.56738387959
2064,120509.24981049806
369,247675.15146391018
2239,118061.71211246616
2732,208678.04588967387
1653,176014.08268629538
959,224444.61443189485
2395,303104.29386267514
1412,100704.30392127729
271,257458.21137247307
1484,147546.02820421668
1497,131148.81019695173
552,180972.99730153882
2,130521.83018760668
1855,292457.9480231648
4,279210.14037892956
2292,170209.25485573133
134,137620.97840781996
646,112634.15777391235
42,292805.5155919073
532,230873.52439178905
713,67168.67469203733
2561,124481.25843907488
2360,137489.2974869731
1333,101931.89510583987
1407,256097.0012096098
2892,293729.6591982817
574,217468.38149342316
1227,177264.9486468036
2591,256182.0482605982
1476,212830.93764946662
1125,255537.0082875985
1446,136772.6522456053
408,115898.15330119072
1101,288274.32939292584
2251,188367.5440439207
373,214646.42164670685
2554,124217.33108673348
2382,284622.51881511294
1985,56683.40756337765
519,230413.6809683821
1093,206951.86201962963
864,268172.33793725923
2889,155176.25689497642
2308,204678.80814207683
986,160471.95391390508
1302,161274.56139394108
585,173079.62478367984
2708,152599.89657733857
147,133366.33152972552
1441,238500.3971407197
383,183718.07583474444
285,153759.50897366335
181,112016.70917944824
358,189218.79966460716
780,171978.90419676126
258,209640.63932695764
1865,232599.71546849955
692,127846.52344141931
2902,312105.63162433845
508,277048.50131347013
2638,154006.9379057794
36,152977.7531677068
611,186092.68442349954
2281,145649.27296210482
1678,115039.4173859957
1696,387640.8032150641
1557,53110.77849559217
2180,153876.94794642902
1726,224152.0919584492
951,150910.53536962796
267,238372.7891022868
2706,132214.94721639933
2221,235146.85458737906
1357,182931.30739439285
2901,300296.44377022237
347,183821.7078421138
2164,201618.61015870568
1586,302054.103958555
360,168945.0871091599
1769,240660.62812107065
2617,162097.93810434442
1879,171626.36574290018
991,238328.9799281311
1535,108538.44617828923
1191,180275.32679355866
1579,216893.90097030028
1882,149757.4093932955
1510,125581.82791176383
2196,183959.11044673686
1845,173211.2391305427
2336,342237.6669269881
942,81059.04553239746
861,115995.7773122552
2555,100205.83909059668
1392,159581.38131421077
2099,269370.5892335291
1543,123335.80127470833
948,265824.6085648021
1239,169053.6805750951
22,203784.78578997048
2796,249352.5838927217
2747,188628.2433448838
92,291717.6459376138
210,187461.49799624394
1858,213569.70595665814
2228,182059.96945472583
447,227024.4416577716
827,243397.55607799772
1649,214701.05599072162
682,130792.87678585514
2698,117778.8008068536
494,181155.92981616154
214,68424.66243601989
2441,256800.182275303
2679,98840.98125485827
1336,106023.02148165245
465,193151.79956468323
1524,137350.7481993747
2543,117328.24989985325
631,137563.57707026714
2452,295783.0889899213
228,166101.85559174392
126,184853.31534806
1092,219126.39151952715
1122,210669.93446079755
932,229104.6252355198
1980,63830.295932285226
2171,103844.78225015686
551,174004.52104823303
2768,194907.0734967648
2056,110689.61074578189
1159,346525.1411759004
2645,123871.99453701629
1174,174510.85442846105
2266,218820.11346626267
2462,362026.47961278236
1219,138482.10474709544
2922,211105.7591020379
118,149281.05060298258
474,181063.22870245285
2576,167287.65259964982
872,279725.108817444
1077,225665.28850627146
1536,144872.1165194301
1150,126498.70922921783
2341,286928.35521748534
1931,138941.72901634453
2785,128844.949865033
2538,121870.6205167151
597,232893.1052303362
464,183367.75356386788
233,247905.05445054258
2169,127866.33425170716
2123,170885.152564396
1867,186099.95456294785
137,284467.4132194725
515,234136.04840894075
933,122748.68763379421
2784,174411.09143395533
972,164618.83816520413
599,177291.92121087856
2614,127352.16913592501
2582,141483.9804605856
1409,192074.80164997076
175,83071.94649497738
352,234599.8925593266
976,72793.26437467682
2134,206835.56041763606
984,101884.52882653878
2396,326115.41398285015
1673,140058.17112397664
404,118503.12764767431
607,170136.1238354032
814,163804.0189903675
868,210762.11040179594
2271,201199.09440270165
1633,237141.3014986678
337,203532.28991457436
2765,213304.49959280016
1746,260822.36627966736
368,309824.79132091184
2806,214057.24469385415
1662,207453.00461348268
1234,220571.33007539454
1373,127882.46630701859
1672,99261.15654162389
1939,123300.80110282399
