Id,SalePrice
2658,181885.52759884196
2718,206979.4075605756
2414,210744.50919635966
1989,108183.11631203894
625,182930.98294149383
333,81466.77446411378
1327,98907.75044352264
858,156112.30732227827
95,209618.11096133874
1568,180373.54900074683
2482,172014.2056699039
1364,131275.1136434993
2584,173251.83431528712
818,306806.71787812747
2673,162588.32600857018
2089,93770.32385814624
1297,171621.56524764275
790,125916.51544996243
2616,205703.66054079265
720,216411.79231766786
222,139116.51343203563
557,128011.78548288961
1148,215883.7393006027
2766,172725.61688973746
534,206661.60834108834
1452,115974.15401163946
630,111796.62987388208
2648,106127.56404109648
125,154848.16854994636
1904,14615.443844678375
1670,105413.8920106057
756,87896.14374406498
717,249335.46096428158
1032,151867.27901403533
852,229510.26750476877
1731,195492.30649150844
2639,104706.90701454689
2071,69772.98467918632
1267,89110.01730802222
1851,211508.70728227225
567,157189.8590941701
2439,216369.8958595333
1898,148401.01792688842
647,153480.92468101016
2256,220110.59525449332
979,80204.5720127628
1444,231344.47933780018
2485,108032.8583324853
157,118746.81161466488
88,122933.7030790082
2003,105285.27824003634
186,226409.74635345116
1425,266086.99243949936
2695,119235.83679224731
738,80950.0551834769
395,163335.98905150982
1353,189014.4179750551
1878,142432.72916203307
390,190327.1171445562
1456,242835.29397969725
1103,312193.36860814353
1387,124901.97308841105
2070,145366.3207530768
1199,202919.7557870296
2479,174359.43959157617
501,304813.13802432816
2362,67495.45553073187
1718,186715.67587769052
2188,19390.21856565922
1483,140621.0492771388
2557,56599.36699488676
437,328495.5190322645
2224,218874.789266633
1628,176207.67397889213
397,138940.99039026152
587,224646.8677409704
2182,581733.4151118196
971,129494.74958618946
2611,149052.97997461387
1887,80489.98658696283
2399,311858.0335940898
2148,219287.24382569137
304,122408.86091385715
1997,112132.627825706
2817,107894.476806127
1431,193573.46437628297
427,331176.7316016081
263,121845.76419071396
598,190758.0606837629
2895,273789.4542228117
687,166845.52652371503
1822,124650.66401559507
2191,97576.19915892149
179,133904.7703289872
1009,209401.5986547958
2010,115616.04076464294
1991,150537.4922866322
1411,167400.2914996117
1721,244134.14380606575
1144,196803.15505054113
593,237199.6871527406
575,294349.934750934
1249,194399.22291112694
1604,113823.55315894328
1064,391086.4014640796
1923,166106.55679007416
1988,92663.87925264149
2325,167606.95865425063
114,235190.75081560458
2700,229047.20044509805
217,159951.23160603878
343,193020.16088912528
386,244913.24127923837
2005,96514.95663262266
2908,145751.42640152638
1814,240776.88805694928
2446,469520.47330273804
208,142629.38834525578
1679,117037.50646568398
822,299703.13948408223
6,193160.6121613302
1781,356109.9471745824
2397,264344.9113718267
2340,282268.4998461218
1618,187193.8374008792
2843,127794.79202845025
1061,328170.6530590083
2786,118037.47252423142
1935,123283.31850386709
1341,103266.94435632239
521,288365.1357380842
2136,126481.48400497426
996,193024.24328341885
227,138988.61342613268
135,171197.29715861226
1167,169420.94683549542
294,232533.4271657227
1776,226010.75392551158
540,197289.1362514126
1717,186711.87949500766
2303,127754.6809654362
116,196363.4129848196
127,126122.3478966471
1371,134005.21576837864
1014,206005.79533838594
1507,79538.06107185014
702,155219.79712991515
750,170423.88717951032
261,163426.1883520559
1559,62167.916519652834
577,244854.69131212472
2812,219255.2492813609
2080,172522.039710592
1368,113311.3343596189
2376,106346.92175582965
659,95158.7920786737
1235,129850.54855758286
332,58502.21403578835
1917,143876.27839130978
2094,260225.59748580726
1460,280838.10530752706
1471,211290.54582055134
1509,116808.5205556729
1922,126888.31990704231
433,410350.13334696763
460,255256.14629645064
1116,260996.10669509077
1137,181502.8054761657
53,179130.97682164222
2354,252219.24250467378
1475,218533.09286068557
1761,492916.128166632
842,135692.7524017563
2739,190734.600516083
2509,169643.52636074123
1007,211596.4809574933
2610,184892.76335446644
1952,68468.12934871754
2719,202912.20401716992
2921,73153.89686132174
1966,139059.74186866
292,107337.32118399731
1204,207617.96445547635
1829,264602.3612968023
2419,192148.71107368413
391,168374.00693723597
798,119331.86914176034
481,195507.65323519122
193,202490.28572830072
555,122651.35348498993
899,34997.2179494414
2357,198384.48622629387
328,112208.53451994617
1356,118863.6996936683
1154,96802.133593922
1730,174404.87411238937
2249,145017.09055329912
1119,261588.3312702363
2856,132158.3629002411
1394,142293.069957358
2587,115745.73106104086
61,329293.9653434517
2661,200546.92791698358
2711,147036.7305777869
1147,187779.70489419668
757,122977.85830720823
2623,59601.12752630943
2378,155575.59187542292
1413,148858.98544624614
1722,225926.7542163871
1112,219406.98125713732
1623,195051.4388661574
1201,196289.4141494039
1513,94460.85993352035
957,656835.090991852
1171,261038.48030568386
1145,208423.6744295296
2726,267299.4964501909
703,158067.87481516073
760,61271.36334132566
1964,127472.18081517014
2512,186740.452635659
159,158670.52037906196
1281,171790.8350294988
468,182055.00857886602
290,125856.43278387864
665,107247.64782036917
1463,280401.90613550687
1792,234269.41767621352
923,143105.01933832373
500,272957.51643411914
1408,178456.9885396969
331,55075.9645499138
170,91624.30585715275
2192,74671.07446929027
2571,327894.70451911184
2314,177726.28062016628
2647,88026.56540834323
422,362311.01845561457
2457,339885.31540648884
1838,202390.32673258637
2805,267501.11266105226
1645,187078.22441544037
1711,281847.71335248183
2825,252859.61119382165
322,317475.05599765223
2103,270892.83951205073
342,135979.34848006596
600,102008.86309649143
488,196722.92279200404
1725,297053.4462017228
2246,254440.96917416836
2847,148233.5759416091
806,250928.88485059227
530,235853.41988779735
963,201878.19683717153
2678,58420.62736217756
171,62775.80355008217
2401,366950.8059048783
805,228537.19471060002
2259,230302.16013300454
1748,179477.0189076728
1361,155769.864735958
1677,120620.14366524538
1406,148418.21420419702
2322,248636.02698977536
688,168864.07851571715
143,149206.77516586587
804,208545.13764192836
1214,175042.601254144
2828,140432.603373094
1999,197777.70900387192
2467,206403.35200782557
2665,180917.60610387908
1538,338076.9574634364
398,103720.79907572686
2822,147592.65872525942
2157,140254.5065258417
1856,199085.47573118788
1269,73216.96867787767
2570,115064.08718130417
2320,248869.91729229648
1517,159884.16183109127
2304,114928.10640912887
1312,79503.43371751333
2012,132738.51179504185
506,262903.47500203404
2865,222912.72899486576
2367,105737.79527557445
554,92286.9666640418
238,145695.17301376112
1954,116028.232712813
2488,146078.40820997756
2291,64199.77022380041
1969,71695.23662473066
2725,172877.26136906884
1482,140621.0492771388
2763,209674.06005885778
503,244225.86960345635
1584,241922.3570490798
1531,139419.34099446025
2210,184630.00485655636
459,303976.9493780094
556,125418.56165844698
1347,155908.32480737678
1290,63610.59994323786
1388,90978.20933979891
1571,494874.8766171272
2754,207374.43433081143
765,147487.38854264253
2494,133646.69559589087
2870,211390.6630504624
7,226858.78478797394
1114,247159.7271459329
2418,277800.3390984662
291,137241.04665073907
18,293834.98838917597
39,311090.7860406001
1001,253107.28218604368
2442,238491.8886138529
616,107114.87043129225
2680,35806.51321373225
1414,124475.2060189798
289,137799.82401122287
40,267457.37015451514
860,114993.10169043316
409,143073.40021494761
673,161020.5293318792
2427,178231.28461367983
2036,216819.0896541699
2564,138906.23799183033
642,191033.5409895658
1008,197525.33723586798
1908,157562.23333338322
2519,202805.29137390715
1369,92668.601478055
2855,164727.1702018514
712,90390.20366382673
1943,103795.17592613309
1958,137962.47697402252
107,164356.331275589
2295,233601.559091707
704,99089.98823635088
676,131995.8552999038
259,186851.73153258796
93,288627.7454902557
106,245275.44095343098
2315,190474.2640679214
1050,104862.78782163397
1095,207885.5824114624
2709,141177.60089780224
758,156893.70862001323
1496,161556.22256194265
2370,133488.73568754396
2458,260180.36030770844
2733,118271.31053533043
161,267694.84562781884
726,150885.72258758833
845,226309.64332988643
947,262986.9460222261
2232,116907.75985809379
2563,162915.32531320048
2299,168769.1928965622
211,85132.02039361754
605,203465.96271206578
1478,221123.6550729603
2247,254537.28312314168
2274,243059.9132407729
2869,200568.563470709
967,224411.13096461885
2656,98685.09860671345
667,245839.09399894584
1042,114233.49731391994
2023,167878.82979750418
2447,343709.3434206225
2055,123034.33406784132
2275,288603.9863589544
2204,163978.73836398864
1563,251752.23872197693
483,210013.4358468817
796,126378.4165933033
1526,167844.10969899886
2042,167290.93009294686
442,313437.40755589574
1693,290823.187446319
1468,221795.78234934964
1430,198208.07428933517
2605,163677.08371618835
1529,197360.25452486792
335,173262.81884921997
1287,131253.21709758387
31,92659.65657011255
1785,256914.94730639432
82,171381.13592011656
2620,137987.12843740958
252,212715.49674268803
721,18625.291756828257
2165,186209.869308658
2316,180841.26041195134
775,121564.67937574084
1558,102550.16127217871
17,227869.7751889241
1022,253114.58846693713
925,103941.71875031096
438,279520.5535060652
1270,145493.33665508102
1272,115272.55307061659
215,141613.60989050393
266,235763.06506509462
2402,263445.3585530321
1250,141455.87981476804
1984,105012.32727929484
1279,143337.27564630186
377,270209.9241898367
1252,107570.49286309961
2156,266489.46907985606
499,303699.58882072556
1374,137598.04508974223
2898,270115.0391876893
401,107799.94310839199
2721,172069.60521624176
2078,249150.88504849246
2589,136244.00983948095
1946,256623.8046979169
1334,121589.1858016509
2781,247664.51636081046
431,350251.46765526116
576,202436.38689094983
1474,214366.53702617038
2254,159461.70839526836
2155,288512.1545262345
885,73385.66544090075
643,148097.38273718982
1944,125480.85262309239
480,204297.3994849271
2845,90449.85740588358
2387,300378.1414226583
2407,206659.66570446492
2527,178973.1115597321
2514,163135.32384664222
629,183035.1729969996
80,224170.44419736293
1876,143224.7915476871
1546,128270.82066973727
2518,182059.57245171882
2347,169126.6192607082
783,219953.44991897623
1322,21451.693488625926
194,66985.64424725251
1770,283704.6918843095
2143,118159.23613617825
1229,212023.3945157438
511,279293.31973395095
46,211701.07562087246
1348,178858.55172655918
2465,204355.3764034516
387,240243.59353813005
873,215926.74418768636
1918,117501.85826543457
2764,243074.33521354603
2184,126247.00825902638
934,140959.07807551863
1920,125003.3505686467
2631,144242.894924531
1768,500761.44276761403
2040,108465.93133979716
1749,224521.46552274964
834,250949.2202710042
1457,251324.63445127133
79,121491.78827758218
2302,114351.9799653501
1817,134790.32495675824
2755,249822.13793672083
359,173709.00292234198
2059,104784.43727157556
2092,248503.1801841528
2516,245951.86380800913
150,128866.30708093909
1656,154186.96084879135
83,98640.4050606664
2411,186668.95137227542
795,42164.66622281133
2312,250740.01924171392
2917,79000.40546828845
1624,190587.21429929216
2215,285447.3373774752
1211,160524.31681728608
1485,138714.7565080063
1024,178910.301874047
570,180751.44403738505
2874,145095.27717069155
700,146605.89551383222
2756,232325.95981805387
2022,205773.93049347954
583,240471.38496169314
2392,306993.666096406
2424,198942.2274278127
212,111830.32086016797
736,126766.01360702812
1610,172316.37175769274
890,121961.42012713761
467,177263.99193061984
578,249441.5580300021
1747,197186.52348662884
1149,174317.96285929618
2758,246058.6011840934
857,125820.81141134139
2219,266885.66335500055
733,114591.85230046629
2909,106514.02717866394
1798,270394.3576831495
235,118735.44772695686
2366,125528.99841547605
1027,135481.5594279291
1195,133388.94024827433
1303,-546.6626710263954
148,183769.9522129907
608,157453.10857004186
2515,195224.69869305016
821,271898.5606869785
2500,285561.4860846382
745,97221.78655406577
741,142845.4369105002
1611,190889.48287031538
2532,122026.82056660354
1081,218027.42092002346
1692,370885.34470407595
2520,185014.84819049534
276,102696.06798894238
1992,127989.47564991788
663,-4696.9895849143795
418,139887.91166721375
1733,191347.41937886362
2359,163645.3079666605
253,202178.10201567467
1518,172073.5076284498
2035,150671.6304305056
2919,63416.43683027891
1540,244939.1282107536
2120,156089.02107845445
1674,181664.19764023938
256,158999.71101365416
2361,86334.38067484806
978,54001.840894641515
2280,153008.8291050856
2095,230501.16569338585
1709,298752.9534782914
2801,251129.61076920482
1246,109122.733512012
2373,105756.35389600255
1055,275928.04333273286
2017,112320.60032974195
1099,262292.2255041965
1344,54527.57332345334
835,227457.0117164831
1117,226179.8177361623
2043,72837.98922817904
2085,125455.23339723234
410,156045.66332988604
2650,122138.09834756955
2867,171871.17565562783
1668,114064.49147654776
1161,178764.98730185124
2122,184076.57282922717
2539,154255.70451896286
1047,153502.45612838972
1445,124983.77988490995
541,137224.0973859903
569,220534.3809205293
1276,128376.2307183031
918,140924.10752383753
326,180113.70908188657
1936,124395.47408611487
895,79121.1527877315
257,142321.57238621224
1241,199558.73632301105
1545,125327.06397291386
1189,190634.84605281203
270,140621.0492771388
2066,192269.85144602892
693,102114.69375996993
1259,165300.74617920598
2916,148224.13122089728
2321,288631.44047619944
1977,94655.06738320047
1895,160774.45903531887
1240,168668.95917768567
85,155966.02745769182
1823,115375.408740532
825,281476.5206085154
110,228229.11645613358
697,119244.21302915725
2297,97625.21618929156
1231,139025.0234404739
1355,124861.61855158326
968,313428.2597557842
584,237917.2683177779
1315,108797.5384521213
1606,144625.78994777298
206,110583.8993859883
1685,307081.4303163449
2016,124347.55711611996
869,231771.7287434141
2135,119194.6422334961
2346,199975.54703613033
2430,219721.9904917645
2198,80347.86561756973
2652,129080.48829382137
27,102243.81114721145
241,181788.3778283767
906,98826.68345216087
1506,100993.26377632786
2098,333527.00117135956
1435,221573.0715809607
2213,95689.5497478715
1274,155382.6991730876
743,-16010.815255348629
1737,205964.00791357967
2797,274260.30441325787
2185,40320.67610394815
58,171644.53833977977
830,207279.48732242582
808,111766.369554318
680,156238.89212645823
1153,111014.38515791285
1291,133495.80998224532
1818,143374.56721300705
2161,196164.5848381371
1883,125764.80208932835
350,321050.6224026398
2473,158095.87508964262
295,192845.04752114764
293,193824.43754332274
859,130454.81500454195
288,34186.466490537714
1578,137870.02111155988
102,171578.14409352656
2831,176880.63322565498
1030,191993.41791317053
2551,152476.79010356008
1286,140782.5141443331
958,300835.30827336095
776,129551.11770819525
72,210297.87406616312
2263,259882.56542973022
1866,154177.90480402124
2876,52227.34120044223
2146,275029.1316914415
103,182002.37869028025
1500,140432.603373094
492,217653.6494706182
167,139592.96675862197
2597,103886.1855674941
2685,101128.50923082308
1035,170502.29303919728
1220,23056.42335725107
2602,157089.09243352
2159,215702.92334622273
695,160879.4295285282
1109,255537.78109393961
640,211142.79004075468
1652,165977.73380481728
2090,225775.2858958671
1188,209587.46114743105
2345,255434.01695688482
1059,362584.6141620178
2751,253655.30689839466
128,208841.61637550994
1523,192818.04721640193
2925,177014.3648416042
2145,304686.55338370596
1121,234320.32040441045
566,289543.4878320324
565,238544.77240137022
1331,139969.93798275958
2928,112809.43818320819
156,142562.2017784646
797,132930.68520275323
327,74456.63158874684
2859,162616.7817731742
1453,110527.80468920092
1762,329814.4045958726
1868,215320.77910356532
1760,189533.50603275368
1113,265509.01866667863
1812,198523.05764197637
117,173028.5530064296
1142,210327.7033002596
2342,331771.20175755897
927,133309.69999518764
2478,204974.3482183169
655,54245.17321407696
2064,121243.01019023455
369,239924.00355320392
2239,115266.0711584866
2732,205275.65890981958
1653,177917.18608390173
959,227273.81563173936
2395,303290.8892467178
1412,103230.90608535796
271,260272.2395734963
1484,140643.82757323605
1497,132758.07155710575
552,170865.5766351115
2,131373.28219705916
1855,293328.38975200965
4,271431.95828843757
2292,161382.68574770284
134,132276.5545397466
646,110108.88173603737
42,290622.40718092775
532,235086.54365970622
713,72004.17170485009
2561,124698.59991225202
2360,141388.81581107472
1333,104698.84372461558
1407,268341.6131012447
2892,298644.1777213643
574,225771.34288901728
1227,173406.69119415464
2591,241144.46946510999
1476,216754.99769301427
1125,254008.96748726477
1446,138438.1862876929
408,121665.723414001
1101,288182.03755555913
2251,184271.3683759215
373,211184.73934971786
2554,120163.61319345173
2382,280685.41059248854
1985,59285.07195534611
519,233211.5594219205
1093,201109.7173312602
864,269074.3166210992
2889,155855.5358504944
2308,205449.09349887396
986,161438.63920012594
1302,158070.17008615687
585,171136.0375138049
2708,154251.3370456589
147,133187.81313748017
1441,234991.56245949032
383,181855.22227563412
285,150976.77095851416
181,114073.4812873457
358,186200.65392463305
780,172245.7315525427
258,207466.59087380194
1865,230242.60625699887
692,128375.75581636393
2902,305353.8557879823
508,281270.7561807836
2638,158698.20826757693
36,153838.49830740975
611,185095.65799811686
2281,149215.85916692764
1678,120939.03981060677
1696,381882.3258712811
1557,54463.31841863741
2180,155935.1847217771
1726,224014.6853197685
951,145500.42396895244
267,236713.1947271596
2706,128243.23447609963
2221,224087.91544462895
1357,189733.79781281642
2901,292568.7483723495
347,181237.32457883572
2164,204662.2362353212
1586,295812.7114286385
360,166213.84148014762
1769,236119.38248205453
2617,156217.05265081266
1879,176384.30862539928
991,233473.6874715396
1535,110405.16020538696
1191,183784.73593909448
1579,219368.1025786753
1882,152937.39051933406
1510,129056.13625176411
2196,191400.6834872239
1845,167063.98410110734
2336,343456.70903029706
942,82402.90397461536
861,117253.75516238736
2555,102476.289776832
1392,158163.98876570695
2099,268886.451264152
1543,122632.79054709368
948,270193.6430132055
1239,170552.29171685723
22,192971.40353612174
2796,254421.92153904616
2747,186200.05866272142
92,291502.14346521464
210,176975.95048982766
1858,207794.2630146039
2228,187555.73341629474
447,229828.78003150126
827,242192.04310210212
1649,214801.0743293772
682,132199.40072580986
2698,120237.57678092868
494,177454.57736156278
214,69198.35907744017
2441,263371.47251603415
2679,102108.63462682063
1336,103512.14979296844
465,191136.70151865605
1524,134078.22958266072
2543,118235.81171774829
631,138800.26604561548
2452,297610.81466545287
228,163203.63280229561
126,185577.5458218936
1092,218032.48126067067
1122,213397.02467738255
932,220562.86896367528
1980,66915.78437688776
2171,104570.21738847811
551,176804.36237945163
2768,191774.40929304148
2056,106135.68366315677
1159,344818.84959571704
2645,129602.13093718792
1174,180810.43940676437
2266,222171.766522691
2462,361976.9640471281
1219,141169.841227021
2922,219395.76584701205
118,150066.2257080494
474,179102.57384531441
2576,169547.72222678302
872,281000.9287995583
1077,225603.26765144643
1536,138965.84280304064
1150,121540.57966234755
2341,287960.0367048401
1931,143152.0289266925
2785,124251.77667693575
2538,123324.39591798407
597,230554.88689106892
464,188740.35918966893
233,251549.05682744458
2169,122144.12579245804
2123,174686.6108316597
1867,180824.82837778254
137,289496.3170198173
515,231609.36807646713
933,121972.15822373958
2784,181731.5012679328
972,170518.5376233411
599,174999.70147736932
2614,128918.99817331671
2582,130347.29904423383
1409,195575.99408679822
175,85510.827358991
352,239144.70604034135
976,76591.43769512369
2134,210401.20348566567
984,101320.23889576441
2396,313481.9221138733
1673,143898.92563978047
404,124772.94279438475
607,165048.2690046305
814,154404.07004589686
868,213877.1656974976
2271,198735.07893622475
1633,235078.90269596092
337,207707.6458976686
2765,227012.11581465064
1746,244199.77336240164
368,310503.97726388986
2806,217263.4087283907
1662,203678.43520192214
1234,218341.88859233563
1373,125281.43305650598
1672,101182.80237098623
1939,112093.21047464313
