Id,SalePrice
2658,177692.8965394339
2718,200100.39781614838
2414,209044.85930282946
1989,104236.52054342744
625,191630.04343098745
333,76542.59535350696
1327,95346.0674413661
858,152635.64463534945
95,204963.39412347053
1568,190666.77144578294
2482,167785.8551243737
1364,129727.02933038774
2584,174944.41814539945
818,308032.7920295789
2673,163456.38824363638
2089,97569.02004090429
1297,177900.3070357768
790,123844.34644984057
2616,214664.03614636243
720,223302.8973633849
222,145190.15393711146
557,134353.69082740694
1148,215418.72196434232
2766,180576.22174274764
534,208414.27927777462
1452,114387.54039025976
630,113564.29647688047
2648,99240.39551232393
125,153336.1842279273
1904,17024.733687202737
1670,106082.82731745104
756,84501.68756776924
717,241300.0017972398
1032,155571.12589795113
852,233086.05906233191
1731,189528.53045294704
2639,106671.90338467757
2071,68993.93226182778
1267,88882.15121903655
1851,212389.08383024388
567,158166.16583618996
2439,215963.81463844038
1898,146472.81601211842
647,162161.15812376607
2256,224548.81748287944
979,81366.31058557176
1444,232253.2453422782
2485,106429.56581280478
157,119014.81024020413
88,122864.11248575425
2003,100122.23452067543
186,218256.48575894954
1425,264951.6833919764
2695,117571.34069651173
738,79632.62502577654
395,160125.85700442182
1353,184632.62742447798
1878,146515.83858615035
390,193731.54638215044
1456,246373.88027806074
1103,318414.06498156965
1387,118608.98642911154
2070,155450.00562567415
1199,195911.58675914464
2479,173591.63768146618
501,307677.91305953526
2362,68625.40489122373
1718,186874.6730045719
2188,22870.135726343724
1483,146178.2652069653
2557,54766.87260353532
437,324513.5720359179
2224,227022.37467305307
1628,178013.42194755614
397,137225.45744973092
587,220872.91200595195
2182,574129.8612739422
971,132573.33639882176
2611,153184.71721048222
1887,81029.56515140733
2399,317885.1068781599
2148,221216.69009047755
304,119566.44135243788
1997,116886.46284796367
2817,104464.99064183116
1431,192962.5996562399
427,333792.9842358412
263,120488.57627949634
598,190099.9924760706
2895,270965.01638848893
687,162081.34901905965
1822,126495.04425046635
2191,95343.57301203952
179,128795.07367001232
1009,210959.62804116312
2010,111427.55246957313
1991,150299.46834360782
1411,168737.72751616023
1721,242364.25475295482
1144,194182.21568595586
593,233375.43637505622
575,293061.91692372016
1249,203724.69718223266
1604,109234.20659652453
1064,395697.4040419164
1923,177677.06235407825
1988,90606.59698211927
2325,171791.25911138928
114,233549.97429560783
2700,232843.56081114683
217,157562.0560362837
343,196708.25479023674
386,248401.28359337646
2005,102832.40553311483
2908,146376.38504011722
1814,239098.8914957274
2446,459290.1425418393
208,145276.67697740678
1679,110492.87144480112
822,298983.03761254007
6,196516.55606607802
1781,356711.386767944
2397,266454.4975359777
2340,281207.78679015127
1618,183175.78956338463
2843,127645.00279856459
1061,330141.9557443005
2786,124233.23261721789
1935,121425.98704105214
1341,107248.53286593515
521,295704.03501371614
2136,128726.52987264725
996,200089.65772914267
227,150391.81277227632
135,174113.76126906645
1167,162343.39369462265
294,237855.4272225777
1776,226678.62356605788
540,194201.18923948717
1717,186871.601091203
2303,125466.33888944561
116,199020.60852425869
127,123522.6986798266
1371,128252.32523124591
1014,204777.62126901973
1507,78521.88242947294
702,149126.78073685258
750,163223.8215401683
261,160643.84513031278
1559,61215.4597826189
577,242155.59642967605
2812,218188.2084796766
2080,167940.04518197855
1368,113440.1640911273
2376,115553.78063338142
659,91316.87935305196
1235,127953.39331421863
332,54827.585922029364
1917,142496.33652757673
2094,266922.56257607654
1460,280641.41935980273
1471,212795.259846305
1509,113926.24388149196
1922,126251.26190440287
433,413368.8480881955
460,254028.22561746574
1116,263143.2930170919
1137,178536.52952241545
53,176707.85459696158
2354,258009.41225904776
1475,214793.52583665834
1761,498192.7070637258
842,134339.41320417883
2739,197696.38261805527
2509,166553.32003990817
1007,212423.3375382587
2610,186157.4334852828
1952,68368.51296995477
2719,197679.15372368347
2921,69148.88596920573
1966,137123.38057840872
292,112127.09916402528
1204,208298.30429170502
1829,266912.826282646
2419,190014.89693862392
391,171400.49261894485
798,115917.29123506873
481,199300.43831575557
193,201939.94217353166
555,119862.1672168076
899,36295.99125653805
2357,201209.20608552935
328,113810.61372741738
1356,114578.85996044536
1154,95761.69084126079
1730,177650.7929941333
2249,148985.35259946767
1119,265135.96138955257
2856,145750.71545322868
1394,140962.16135777417
2587,112549.74775272804
61,325026.69808776316
2661,202136.08523475172
2711,146212.25638114492
1147,186035.36392193704
757,121653.5594778558
2623,59195.35491228502
2378,154235.9818777669
1413,149234.9373750402
1722,225128.6672086253
1112,220293.40762887435
1623,197625.91496928287
1201,199564.0338950174
1513,92875.34532185501
957,597261.207399861
1171,259741.93517235445
1145,206716.39141212264
2726,269879.91434085753
703,166826.68324517188
760,65142.37488245251
1964,125933.0693212229
2512,180868.05307703742
159,157166.8372787796
1281,175164.89769507805
468,191860.10046185856
290,129357.88671131583
665,103166.71692824834
1463,278171.2812972516
1792,228356.52618119848
923,139974.57829503872
500,271336.6288920477
1408,185651.6809441787
331,52988.20863291758
170,100205.34608005459
2192,79850.25968222819
2571,332425.69890985254
2314,179528.15168939048
2647,86988.64027419995
422,374130.9343441349
2457,336054.178406495
1838,207998.5788382068
2805,273714.68717231747
1645,182156.38269051255
1711,283709.1659122968
2825,260579.5219275728
322,317091.97738579754
2103,270248.1956511303
342,134298.21040507342
600,105333.43330344652
488,198223.38336700824
1725,296392.2479781385
2246,253647.73389469355
2847,154951.92551767823
806,255060.71496066754
530,241030.70137523185
963,211404.12290731957
2678,56749.367884434425
171,64229.854567084534
2401,360989.0251230566
805,232912.31991042022
2259,236908.1729306291
1748,184604.3613387838
1361,155956.50840602044
1677,115184.67269736581
1406,158666.14757735113
2322,260498.02879849327
688,166864.98044529412
143,146235.16123379808
804,212046.89915431233
1214,172656.69316982865
2828,136793.54033751242
1999,195091.2698204242
2467,203284.09477478283
2665,174748.6319236663
1538,335564.02457899315
398,102028.64463192137
2822,145963.0100387404
2157,135193.40684733435
1856,202092.51851501883
1269,72612.79603637183
2570,114107.02699213364
2320,251231.08927382698
1517,155070.15512168308
2304,113931.90208776268
1312,78218.3046485134
2012,134986.38783383783
506,257610.08135744976
2865,219576.63172426258
2367,100537.56359497833
554,89238.54835199498
238,143538.19740117108
1954,115636.45550597669
2488,143343.59139398733
2291,60117.276477466716
1969,73351.97200867138
2725,172590.18967335718
1482,146178.2652069653
2763,207781.307514853
503,247861.40536199903
1584,245843.74151806624
1531,146259.61495685446
2210,181033.98584174475
459,300913.5503459462
556,124171.24547470886
1347,152064.6420698026
1290,64049.154465570624
1388,91212.37942275261
1571,444413.0543089383
2754,210720.54402870778
765,144958.22916474735
2494,130350.03874782502
2870,221841.7668499208
7,219385.20528021493
1114,246204.6588141711
2418,279002.79239648144
291,133048.41558885959
18,293593.5870057272
39,311480.9138262019
1001,249656.3421788716
2442,236931.65666082985
616,112336.34142012734
2680,36051.43122411077
1414,121865.38392280627
289,138124.05256762775
40,263866.98710722907
860,112933.67548303484
409,143163.65146276556
673,158228.3934271629
2427,173025.56000785093
2036,220770.22776779754
2564,144008.38832442742
642,185386.60799631375
1008,192048.26664476685
1908,155380.577008034
2519,219332.57480061398
1369,89402.62628710551
2855,163930.19448588055
712,88240.00069133687
1943,97850.00884525309
1958,142280.26837607165
107,164783.41407729455
2295,232837.04089825338
704,94593.37636504768
676,133662.60660606125
259,184829.6163963047
93,288181.3205120759
106,250373.89376897752
2315,192132.07473328293
1050,103768.78717301287
1095,208161.64744416252
2709,144626.930227458
758,153935.9976375805
1496,164677.28772074456
2370,127699.43876390014
2458,262775.7059482619
2733,121973.18308642154
161,267466.59303545405
726,143480.14707034634
845,222235.54727457318
947,263563.91809131345
2232,116816.68593191382
2563,171834.50986690057
2299,167901.1865629788
211,83370.55918822381
605,199210.65716831558
1478,219099.06483396233
2247,251922.98421019234
2274,243577.5969147047
2869,201675.34075753472
967,222242.52292400465
2656,97309.0630484111
667,238960.72171959843
1042,108960.68750177731
2023,165312.30673842257
2447,339055.9611997112
2055,122320.7377607101
2275,287670.3951555631
2204,169632.46255497224
1563,250550.8283355669
483,209673.1214138288
796,125390.02274854256
1526,160137.26106707935
2042,166399.99386922212
442,314679.64854160405
1693,292817.6375227846
1468,225708.05264576443
1430,197599.736525898
2605,160690.55908566626
1529,196675.37825945357
335,165119.46021698188
1287,125721.18503517829
31,87769.08006589331
1785,260393.880881655
82,175000.83041980013
2620,133222.181413891
252,211941.9370610298
721,28510.568250820856
2165,188094.31439395776
2316,184436.55186058665
775,120860.70807904543
1558,106422.76857068556
17,233723.43234005323
1022,252290.4807302507
925,105540.08281789243
438,280680.68758175545
1270,143142.6456118409
1272,115843.06655035316
215,145720.7309832957
266,233438.13285275977
2402,265111.2626841948
1250,138594.65930722278
1984,102788.60886171064
1279,138501.3183411375
377,267703.4610428342
1252,114196.1688976968
2156,268129.6679490792
499,302636.6179076573
1374,144163.76471192855
2898,261111.05138547416
401,106129.58409060241
2721,174469.71061381002
2078,257395.295207344
2589,134407.38415546136
1946,255069.52034361375
1334,120472.59463610001
2781,254609.39876225722
431,350174.7971089318
576,212053.93600784685
1474,210933.25906158282
2254,159615.30843921343
2155,289781.4371665961
885,75121.60001332864
643,143518.4613662471
1944,121737.05587692364
480,205358.57596109627
2845,88457.55648017883
2387,304266.9571803872
2407,205266.54049442336
2527,188040.69913897413
2514,163557.6834742975
629,196429.42829007245
80,219752.88219459535
1876,148844.35016533328
1546,125396.2790657657
2518,184320.45392677927
2347,171910.3567450941
783,222443.63946707064
1322,19537.605096921587
194,65014.546696433375
1770,285015.428514738
2143,116180.49845438934
1229,218378.820158727
511,281316.61157600395
46,211225.75429721002
1348,183270.7383927579
2465,201213.67518981567
387,241627.91101738767
873,217241.65378607876
1918,116168.57802663895
2764,247912.1790492615
2184,124897.0564316473
934,140246.00195422414
1920,123678.02825365792
2631,150060.27963735803
1768,495264.47755622515
2040,101889.8082398346
1749,223501.95506219473
834,252591.76867438288
1457,251696.70249807043
79,118985.90382913148
2302,114902.33520984532
1817,132765.56075746214
2755,246312.88298515233
359,177179.10811206145
2059,106587.01673844464
2092,253527.3159431736
2516,251574.4451802289
150,124876.42438703863
1656,151351.51172502752
83,97219.51214454624
2411,187444.4521470226
795,43055.279165348446
2312,248468.7200276706
2917,75582.0528841242
1624,186943.84553479223
2215,285977.3828695749
1211,165382.88357313705
1485,144385.8946826415
1024,182784.82852866602
570,189202.5185718459
2874,138839.15625731522
700,147539.07621224428
2756,228462.84043169758
2022,199739.2142436653
583,249617.38373483228
2392,311796.10008009116
2424,202298.82855083141
212,107756.86841092863
736,127507.58422544258
1610,177364.20987807418
890,127857.02124308582
467,190794.06965118568
578,250681.9108070836
1747,191608.9846888014
1149,170726.31279457873
2758,247604.69326357156
857,125459.50447695004
2219,270155.3313892088
733,120290.34233517695
2909,109604.67992365258
1798,271430.88823262084
235,127406.71231496651
2366,125121.89607765648
1027,133257.82324956308
1195,130971.503450366
1303,1929.2200805174944
148,192308.75881518517
608,172609.99673928856
2515,214187.09997838183
821,270284.9000096838
2500,289964.07815456134
745,94069.0939727635
741,136815.63926175004
1611,170346.23633586237
2532,121713.6791498342
1081,220030.9012222494
1692,370726.13079538924
2520,186872.07891478328
276,102676.27374869412
1992,122953.17671440772
663,4784.666685724456
418,134879.43972679562
1733,191275.71677842463
2359,163580.52067198648
253,199683.9768141394
1518,171867.53807353164
2035,155138.48896514144
2919,60488.2806506857
1540,250508.70343745843
2120,152434.59619023744
1674,181585.04116425297
256,157357.45989146462
2361,86361.4048828062
978,50949.91441216084
2280,151485.93902771114
2095,233643.62800001955
1709,302970.8508566322
2801,255233.19983212976
1246,105977.17690986326
2373,106624.39674914317
1055,274373.36277068
2017,107279.83391257717
1099,265969.5640675891
1344,57324.006120958875
835,214276.97112352663
1117,224764.3349315658
2043,78240.06323921302
2085,123917.17756229849
410,153824.07527358638
2650,115941.15707133387
2867,172604.6205173559
1668,111549.29037201052
1161,174197.86401833888
2122,185835.8192059391
2539,155610.1368119153
1047,150885.2486223449
1445,123684.98477977882
541,135154.43504757667
569,228422.59984617482
1276,125274.40757360203
918,144474.86550921298
326,181585.07078141748
1936,123117.44776236321
895,79088.92227815483
257,141879.1601458813
1241,201130.833853521
1545,120775.438182082
1189,187037.65507190872
270,140238.34348632616
2066,207139.21116280346
693,97403.25613629022
1259,164503.23029782437
2916,151849.33914662208
2321,281109.89800221915
1977,101217.94896292013
1895,163208.37554286118
1240,171141.18730013556
85,154460.1188624741
1823,116231.43324951551
825,291597.3695911173
110,234312.02274080756
697,116842.60023215174
2297,95854.1802873373
1231,137044.96682183066
1355,121812.36304732005
968,312567.040977031
584,243348.65454360045
1315,107585.28916064915
1606,142806.80655658443
206,115515.7056844201
1685,307801.7701164783
2016,125201.71222003843
869,226346.59933264722
2135,120562.62510193721
2346,201018.2687899336
2430,219488.23364733678
2198,77024.36044449345
2652,124934.56925543002
27,101445.27967071031
241,180435.466548053
906,109992.25007231321
1506,97882.4597959425
2098,333612.3255485174
1435,225166.3132128113
2213,107813.80759053568
1274,150721.0343771864
743,-8614.310320942983
1737,202601.77930945318
2797,272883.7649550813
2185,43646.53437295073
58,174780.51679559145
830,203486.36682595333
808,109858.72504238409
680,150922.87980969972
1153,109975.64560185176
1291,129678.47973154881
1818,151109.5463754047
2161,193841.62522164316
1883,124769.14740899438
350,312514.80824423244
2473,155467.0940528148
295,185609.48505766605
293,189969.75214460053
859,128565.9423118466
288,31184.145831812668
1578,136211.50557620788
102,170662.2665825196
2831,168866.93431890954
1030,194519.14514293132
2551,150360.78291378118
1286,142709.26355287808
958,300701.5747542896
776,128785.80747364927
72,215740.90774913336
2263,261809.6344820325
1866,151058.4710842884
2876,50472.77322619567
2146,275306.7966675278
103,175277.32744371693
1500,136398.45091668953
492,216079.98095297444
167,138403.9493685229
2597,107158.34686434231
2685,104217.22978542054
1035,166064.64562191695
1220,25748.52558379344
2602,157293.04871911064
2159,216961.8235192079
695,153407.7727676965
1109,264499.49046618654
640,216716.27092487054
1652,168514.92473532836
2090,230810.39295957898
1188,210696.8872733484
2345,257620.3396638726
1059,365348.5944219972
2751,256268.5043842084
128,212081.63670619822
1523,198465.01018382356
2925,188611.4529757547
2145,296771.5245385984
1121,232633.24933960356
566,285537.4488681734
565,238815.0494180886
1331,142989.83788127935
2928,112162.12146176926
156,141276.56507562808
797,133647.04531642576
327,79081.5828196808
2859,159912.75905493065
1453,109276.29965107802
1762,336040.36775460216
1868,220465.65195388874
1760,190437.00833796686
1113,266863.45763703575
1812,194665.57964271455
117,171831.42606989827
1142,211811.9001666914
2342,336334.87164102914
927,137377.67808104993
2478,204729.3549090883
655,56054.775044789014
2064,120276.44881649641
369,246642.32786103158
2239,118351.50726012312
2732,208971.6249253343
1653,177293.71025824657
959,226063.27030027303
2395,301745.2130213147
1412,100548.64328720012
271,262495.93200523674
1484,146196.69668717877
1497,131574.3875718111
552,180173.039572614
2,131682.5032927458
1855,290651.7486885169
4,277266.5140811526
2292,169433.19114493305
134,139354.6927375454
646,112522.6908270161
42,292264.361256193
532,231665.28677828825
713,67197.42232149275
2561,123981.0410058056
2360,137873.3751443522
1333,101224.88893203187
1407,254713.77409756044
2892,293030.0159308499
574,215892.77033037425
1227,177467.6139762867
2591,254125.0449650167
1476,213965.88334947533
1125,255592.09486827528
1446,136451.8680367886
408,115360.2437042279
1101,288431.71406389785
2251,187597.49662720537
373,213299.91728663511
2554,124803.5942064068
2382,282763.66713739
1985,56254.644720818804
519,231861.31136522273
1093,205380.61822434227
864,269755.87517163064
2889,153919.9113812268
2308,203560.01984701486
986,159776.79707929294
1302,160370.93377474562
585,174716.146930063
2708,151797.9999660303
147,133284.9643345201
1441,237889.16507350083
383,184828.72744668648
285,155230.64868780004
181,111432.50835790398
358,189088.88908216095
780,172015.03646393193
258,209381.31641066805
1865,235516.3494113129
692,126563.99984441433
2902,311764.06727991573
508,276969.9053909441
2638,152714.84924080444
36,151875.61157146652
611,185407.5883905538
2281,145138.97541212404
1678,115442.71342035475
1696,385802.913471521
1557,52399.227002021435
2180,154829.9556453689
1726,223960.55262281495
951,150688.0743082033
267,238145.88692722053
2706,133032.71388608438
2221,235130.02444596915
1357,181815.59506083868
2901,298880.8339970274
347,183990.13432724687
2164,201546.32194404886
1586,299934.18880756653
360,168217.8413133667
1769,241936.53873350524
2617,162308.5742272879
1879,171290.3976956229
991,237665.83512056014
1535,107654.11687396931
1191,178807.49787474403
1579,216163.81352906072
1882,149076.46420277562
1510,125965.32644385258
2196,201329.64091946557
1845,172209.02795770677
2336,341522.83095142886
942,80265.80616326517
861,116065.7221161618
2555,101064.1389583714
1392,161973.3468627411
2099,269353.706050499
1543,122456.25845942282
948,265406.8776725041
1239,168888.27433442077
22,205729.73247508088
2796,251071.22784084233
2747,187581.10699980552
92,292549.0977949567
210,190255.61477303208
1858,214563.65238780962
2228,180798.08201265914
447,228833.68236128858
827,245364.1989519779
1649,215095.47345639972
682,130045.02329198003
2698,117389.94831187277
494,179750.05148841735
214,67926.50978977846
2441,254994.7546998851
2679,99074.34985556369
1336,104667.07411485715
465,191788.04467555095
1524,137009.77863260382
2543,116972.65763126043
631,136887.13912295658
2452,295813.87018167373
228,164756.99199151868
126,184244.84365408862
1092,218369.8294450603
1122,212739.09260224388
932,232469.67837243486
1980,63439.94098230942
2171,104185.21498290292
551,173690.4249732042
2768,195062.79779432065
2056,110554.47047934437
1159,345523.8268481563
2645,123017.87474283113
1174,173083.07678976833
2266,217921.07242572427
2462,365959.9509364272
1219,137788.70388358447
2922,209893.57640745753
118,153606.496469273
474,179965.15789986216
2576,167585.9648584033
872,281468.5339941233
1077,225376.35090156956
1536,147020.00659884285
1150,127878.69563039418
2341,286558.97625321994
1931,138440.0466435663
2785,128490.7409441286
2538,123567.14899271054
597,232991.97654998078
464,182488.09028992563
233,246308.9783009304
2169,127748.47874271602
2123,171072.5949401068
1867,189413.41915874666
137,282499.0600467914
515,235731.88668926002
933,121832.30814909478
2784,172618.77660303636
972,169247.4883220152
599,176031.56164629752
2614,126759.37560902252
2582,141029.0956864611
1409,191181.3709641526
175,82948.14171702067
352,233817.96168302395
976,72607.48632727936
2134,207152.10330355488
984,101851.4447109915
2396,328067.299769149
1673,140987.4831881866
404,118322.29160487307
607,169982.76473308224
814,163617.40918225772
868,210404.8367947572
2271,201059.09116458346
1633,235343.21733070724
337,202428.63798506279
2765,216354.01934248421
1746,258985.52007283975
368,309568.5875943462
2806,214555.50882923955
1662,208242.54932759856
1234,224550.9672785792
1373,129039.49591776243
1672,98638.25078458991
1939,123503.67800637822
